99309001990101
801011990008
801041990003
801021990009
801021990012
601051990001
601031990001
601071990001
601091990002
602091990004
602061990002
602071990001
602991990001
602131990001
121211990001
121281990001
121341990001
121321990001
122281990008
122261990018
122221990001
122001990005
122231990001
124991990002
124191990005
124991990017
123991990006
123991990008
123991990005
124991990019
123201990001
123991990011
123991990014
123991990015
123261990001
123991990001
124991990006
124991990009
124991990008
124151990028
124151990008
124991990013
124991990015
97101271990201
101991990003
101991990005
101991990006
101991990009
98108231990107
813021990001
103991990001
103991990002
104091990007
104991990004
103991990003
104991990005
104991990007
104991990008
103441990001
98103411990307
108991990001
113321990001
113351990003
99114001990001
113001990001
114051990002
114051990006
114071990001
114051990009
114051990011
113311990018
113221990001
114071990003
113331990004
114101990001
126991990002
126991990009
126991990011
99126061990106
99126061990002
97126061990416
126991990015
126111990058
126991990008
802041990002
802071990003
802031990003
802001990003
802061990001
802051990001
802041990003
802081990001
803011990001
803041990002
99803021990002
803051990001
804031990001
804051990001
804021990002
804061990001
99805051990001
99805081990001
99805031990001
99805031990003
99805091990002
407111990019
99407081990002
99407101990001
107991990001
107991990003
107991990005
832011990003
832021990004
99409041990001
409041990002
806051990001
806031990001
806011990001
806091990001
806081990001
806041990001
115171990001
115201990005
99115181990002
115141990001
807061990001
807151990002
807121990001
807091990009
807131990001
807071990001
99603191990001
603251990009
603201990001
603261990021
603251990006
603251990011
603251990014
161091990002
99161111990002
99161241990001
161231990001
161201990001
161221990002
99808061990001
808091990003
99808021990101
98808011990104
99808081990003
808081990003
809181990005
809151990014
809111990001
809141990032
809201990002
99809131990001
809141990001
128991990002
128991990005
128991990003
128991990007
108331990001
99108321990102
129261990011
129991990004
99129171990107
129991990005
129991990001
129221990002
605021990001
605061990001
903071990004
903061990001
130021990001
130021990004
810101990002
810061990004
810071990001
810061990001
811021990001
811041990003
812161990028
812121990002
812081990003
812061990001
812041990001
812071990001
812131990001
812181990001
812141990001
812161990027
99812161990001
99606091990004
606031990001
606091990002
606141990002
99606131990001
904991990004
904081990004
904101990004
